 1   52.500   34.000    0.000
 2   52.500   20.100    0.000
 3   52.500    9.100    0.000
 4   52.500   -9.100    0.000
 5   52.500  -20.100    0.000
 6   52.500  -34.000    0.000
 7   47.120   -9.100    0.000
 8   47.120    9.100    0.000
 9   41.500    0.000    0.000
10   36.120  -20.100    0.000
11   36.120   -7.401    0.000
12   36.120    7.401    0.000
13   36.120   20.100    0.000
14    0.000   34.000    0.000
15    0.000    9.090    0.000
31    0.000    0.000    0.000
16    0.000   -9.090    0.000
17    0.000  -34.000    0.000
18  -36.120  -20.100    0.000
19  -36.120   -7.401    0.000
20  -36.120    7.401    0.000
21  -36.120   20.100    0.000
22  -41.500    0.000    0.000
23  -47.120   -9.100    0.000
24  -47.120    9.100    0.000
25  -52.500   34.000    0.000
26  -52.500   20.100    0.000
27  -52.500    9.100    0.000
28  -52.500   -9.100    0.000
29  -52.500  -20.100    0.000
30  -52.500  -34.000    0.000
