 1   52.500   34.000   -0.145
 2   52.500   20.100    0.018
 3   52.500    9.100    0.087
 4   52.500   -9.100    0.087
 5   52.500  -20.100    0.018
 6   52.500  -34.000   -0.145
 7   47.120   -9.100    0.076
 8   47.120    9.100    0.076
 9   41.500    0.000    0.083
10   36.120  -20.100   -0.015
11   36.120   -7.401    0.060
12   36.120    7.401    0.060
13   36.120   20.100   -0.015
14    0.000   34.000   -0.250
15    0.000    9.090   -0.018
31    0.000    0.000    0.000
16    0.000   -9.090   -0.018
17    0.000  -34.000   -0.250
18  -36.120  -20.100   -0.159
19  -36.120   -7.401   -0.084
20  -36.120    7.401   -0.084
21  -36.120   20.100   -0.159
22  -41.500    0.000   -0.083
23  -47.120   -9.100   -0.112
24  -47.120    9.100   -0.112
25  -52.500   34.000   -0.355
26  -52.500   20.100   -0.192
27  -52.500    9.100   -0.123
28  -52.500   -9.100   -0.123
29  -52.500  -20.100   -0.192
30  -52.500  -34.000   -0.355
